pheno	meanratio	sdratio	meanr2	sdr2	meanmddr2	sdmddr2	lower	upper
1	DepAll	0.707717160589908	0.238334534246686	0.008951461	0.00204148263338982	0.013320245	0.00298567370798638	0.240581473466403	1.17485284771341
2	GPpsy	0.688978263243718	0.159236483678349	0.008796134	0.000741536346635971	0.013320245	0.00298567370798638	0.376874755234153	1.00108177125328
3	ICD10Dep	0.335830210672376	0.178228717573055	0.004141558	0.00175775728409053	0.013320245	0.00298567370798638	-0.0134980757708126	0.685158497115564
4	ICD10Dep.exclpsych	0.343274436909346	0.190778847502335	0.004190768	0.00182699233521958	0.013320245	0.00298567370798638	-0.0306521041952316	0.717200978013923
5	LifetimeMDD	1	0	0.013320245	0.00298567370798638	0.013320245	0.00298567370798638	1	1
6	PC1	0	0	0	0	0.013320245	0.00298567370798638	0	0
7	PC10	0	0	0	0	0.013320245	0.00298567370798638	0	0
8	PC11	0	0	0	0	0.013320245	0.00298567370798638	0	0
9	PC12	0	0	0	0	0.013320245	0.00298567370798638	0	0
10	PC13	0	0	0	0	0.013320245	0.00298567370798638	0	0
11	PC14	0	0	0	0	0.013320245	0.00298567370798638	0	0
12	PC15	0	0	0	0	0.013320245	0.00298567370798638	0	0
13	PC16	0	0	0	0	0.013320245	0.00298567370798638	0	0
14	PC17	0	0	0	0	0.013320245	0.00298567370798638	0	0
15	PC18	0	0	0	0	0.013320245	0.00298567370798638	0	0
16	PC19	0	0	0	0	0.013320245	0.00298567370798638	0	0
17	PC2	0	0	0	0	0.013320245	0.00298567370798638	0	0
18	PC20	0	0	0	0	0.013320245	0.00298567370798638	0	0
19	PC3	0	0	0	0	0.013320245	0.00298567370798638	0	0
20	PC4	0	0	0	0	0.013320245	0.00298567370798638	0	0
21	PC5	0	0	0	0	0.013320245	0.00298567370798638	0	0
22	PC6	0	0	0	0	0.013320245	0.00298567370798638	0	0
23	PC7	0	0	0	0	0.013320245	0.00298567370798638	0	0
24	PC8	0	0	0	0	0.013320245	0.00298567370798638	0	0
25	PC9	0	0	0	0	0.013320245	0.00298567370798638	0	0
26	Psypsy	0.404361320541271	0.116043884800398	0.005093742	0.00061634237995524	0.013320245	0.00298567370798638	0.176915306332491	0.63180733475005
27	SelfRepDep	0.397709983781219	0.0858153958453082	0.005184331	0.00120182083677181	0.013320245	0.00298567370798638	0.229511807924415	0.565908159638023
28	abletoconfide.baseline	0.0161362286633073	0.0098976605789329	0.00020924743	0.000123869470348177	0.013320245	0.00298567370798638	-0.00326318607140118	0.0355356433980158
29	adoptedaschild.baseline	0.065030855575393	0.0424774876764433	0.0008486287	0.000576282955611805	0.013320245	0.00298567370798638	-0.0182250202704358	0.148286731421222
30	adultclass.baseline	0.0295893000196263	0.0208482633547347	0.00035691764	0.000188316874290255	0.013320245	0.00298567370798638	-0.0112732961556538	0.0704518961949064
31	age	0.0113423462990935	0.00616424270512931	0.00015473254	0.000113117264461081	0.013320245	0.00298567370798638	-0.000739569402959999	0.0234242620011469
32	agefirstsex.baseline	0.016108598697163	0.0102611844517309	0.00019554675	9.12965320660739e-05	0.013320245	0.00298567370798638	-0.00400332282822967	0.0362205202225556
33	agestartedsmoking.baseline	0.0888037764218217	0.0480547061956233	0.0010975209	0.000490495912786562	0.013320245	0.00298567370798638	-0.00538344772159985	0.182991000565243
34	agestopsmoking.baseline	0.0497001325169311	0.0239311408602395	0.0006269945	0.000252271263550986	0.013320245	0.00298567370798638	0.00279509643086162	0.0966051686030005
35	alcoholfreq.baseline	0.0237860926291672	0.0139137389362602	0.0002959796	0.000155627064983498	0.013320245	0.00298567370798638	-0.00348483568590275	0.0510570209442372
36	alcoholuse.baseline	0.0123810799975842	0.00999986394451956	0.00015971521	0.00012737684160405	0.013320245	0.00298567370798638	-0.00721865333367411	0.0319808133288426
37	alevels.baseline	0.0133763372062969	0.00625837690408556	0.00017620723	7.74169925505599e-05	0.013320245	0.00298567370798638	0.0011099184742892	0.0256427559383046
38	ambidextrous.baseline	0.0738304734367031	0.0529439294039371	0.0008817272	0.000542991865255579	0.013320245	0.00298567370798638	-0.0299396281950136	0.17760057506842
39	array	0	0	0	0	0.013320245	0.00298567370798638	0	0
40	attemptsstopsmoking.baseline	0.0528817147053109	0.0388966567763065	0.0006575057	0.000442291824867059	0.013320245	0.00298567370798638	-0.0233557325762499	0.129119161986872
41	averageatage10.baseline	0.0525725207797844	0.0229560694115214	0.0006549514	0.000217070926826131	0.013320245	0.00298567370798638	0.00757862473320248	0.0975664168263663
42	averageheightatage10.baseline	0.0346018762665467	0.0193997811206053	0.0004146764	0.000177920568697382	0.013320245	0.00298567370798638	-0.00342169472983966	0.0726254472629331
43	biketowork.baseline	0.0361232311295925	0.0227022136208699	0.0004616807	0.000260832134435605	0.013320245	0.00298567370798638	-0.00837310756731247	0.0806195698264974
44	breastfed.baseline	0.0256020210321315	0.0180505461987294	0.00031726403	0.000233351520159389	0.013320245	0.00298567370798638	-0.00977704951737813	0.0609810915816412
45	cartowork.baseline	0.0204873600621881	0.0139150574346954	0.00024840153	0.00013665254011945	0.013320245	0.00298567370798638	-0.00678615250981492	0.0477608726341912
46	centre.barts	0.0619939574113031	0.038363516609451	0.0007684462	0.00035020366815764	0.013320245	0.00298567370798638	-0.0131985351432208	0.137186449965827
47	centre.birmingham	0.0284821064773894	0.0129244762257474	0.0003676338	0.000156039363753581	0.013320245	0.00298567370798638	0.00315013307492447	0.0538140798798543
48	centre.bristol	0.0208993094002841	0.016163362670718	0.00027187995	0.000187747041446417	0.013320245	0.00298567370798638	-0.0107808814343231	0.0525795002348914
49	centre.bury	0.0199310571706929	0.0165462260873449	0.00023981871	0.000151823520847422	0.013320245	0.00298567370798638	-0.0124995459605032	0.052361660301889
50	centre.cardiff	0.0334008222139282	0.0190849856326809	0.0004310946	0.000233192820508503	0.013320245	0.00298567370798638	-0.00400574962612636	0.0708073940539827
51	centre.croydon	0.0369313228745764	0.0216237387613906	0.0004571844	0.000245177045953962	0.013320245	0.00298567370798638	-0.00545120509774913	0.0793138508469019
52	centre.edinburgh	0.0488925454229978	0.0300208594381322	0.000611852	0.000341111633619976	0.013320245	0.00298567370798638	-0.00994833907574134	0.107733429921737
53	centre.glasgow	0.0255503457762548	0.0157751628827926	0.0003351805	0.000221594742366555	0.013320245	0.00298567370798638	-0.00536897347401861	0.0564696650265283
54	centre.hounslow	0.0321755676104599	0.0223344460128703	0.0004034603	0.000249109797209116	0.013320245	0.00298567370798638	-0.0115999465747658	0.0759510817956857
55	centre.leeds	0.0241363567795766	0.0184838418639364	0.00030671509	0.000203586920890406	0.013320245	0.00298567370798638	-0.0120919732737387	0.0603646868328919
56	centre.liverpool	0.0230307690966287	0.00848928807284263	0.0003035167	0.000125688164996683	0.013320245	0.00298567370798638	0.00639176447385718	0.0396697737194003
57	centre.manchester	0.0396466569356834	0.0279408390160979	0.0005493477	0.000414827703878784	0.013320245	0.00298567370798638	-0.0151173875358684	0.0944107014072353
58	centre.middlesborough	0.0334354506526513	0.0177185258175746	0.0004267954	0.000209935353128423	0.013320245	0.00298567370798638	-0.00129285994979492	0.0681637612550975
59	centre.newcastle	0.0391556118159629	0.0277555039627623	0.0004774865	0.000305421010825403	0.013320245	0.00298567370798638	-0.0152451759510513	0.0935563995829771
60	centre.nottingham	0.0294287838898138	0.0292037172123104	0.0003408192	0.000302424586946454	0.013320245	0.00298567370798638	-0.0278105018463146	0.0866680696259423
61	centre.oxford	0.0406155799136904	0.0206584230251261	0.0005162883	0.000227969232201312	0.013320245	0.00298567370798638	0.000125070784443224	0.0811060890429376
62	centre.reading	0.0200094891935174	0.0111130637005481	0.0002535884	0.000128929369446307	0.013320245	0.00298567370798638	-0.00177211565955695	0.0417910940465918
63	centre.sheffield	0.0272802857592626	0.0172448934217409	0.0003389358	0.000173423518620873	0.013320245	0.00298567370798638	-0.00651970534734959	0.0610802768658747
64	centre.stockport	0.797477186903011	0.541141308429822	0.010069999	0.00594662111968441	0.013320245	0.00298567370798638	-0.26315977761944	1.85811415142546
65	centre.stoke	0.0457309452049748	0.0249369884604595	0.0005752308	0.000272842501412974	0.013320245	0.00298567370798638	-0.00314555217752588	0.0946074425874755
66	centre.swansea	0.168631198743208	0.110376049234211	0.0021042635	0.0011767606733992	0.013320245	0.00298567370798638	-0.0477058577558458	0.384968255242263
67	centre.wrexham	0.421493116972444	0.340079814990284	0.005318154	0.00375358991817818	0.013320245	0.00298567370798638	-0.245063320408513	1.0880495543534
68	chronotype.baseline	0.018355886672642	0.0118777381342364	0.00022982167	0.000134751411622489	0.013320245	0.00298567370798638	-0.00492448007046132	0.0416362534157453
69	college.baseline	0.0197322956822839	0.0076311090422494	0.00026883913	0.000126267227417939	0.013320245	0.00298567370798638	0.00477532195947509	0.0346892694050927
70	computergames.baseline	0.0187146313530061	0.00741935585824843	0.0002378411	7.94142540878036e-05	0.013320245	0.00298567370798638	0.00417269387083915	0.033256568835173
71	cse.baseline	0.022009504429034	0.0177807533843082	0.00029577386	0.000267237993355603	0.013320245	0.00298567370798638	-0.01284077220421	0.056859781062278
72	currentsmoking.baseline	0.0862941408195093	0.0312145540493156	0.0010890673	0.000311389608557458	0.013320245	0.00298567370798638	0.0251136148828508	0.147474666756168
73	educatedyrs	0.0454699634800749	0.0275978180676061	0.0005815086	0.000332990131459778	0.013320245	0.00298567370798638	-0.0086217599324331	0.0995616868925829
74	educationage.baseline	0.0279913892485299	0.015142079736643	0.0003543273	0.000184321835322713	0.013320245	0.00298567370798638	-0.00168708703529032	0.0576698655323502
75	eversamesexpartner.baseline	0.114168256006304	0.0684863224153475	0.001433351	0.00085197273531245	0.013320245	0.00298567370798638	-0.0200649359277767	0.248401447940385
76	eversmoked.baseline	0.133793464855188	0.0537279512223465	0.0017079936	0.000525930852971546	0.013320245	0.00298567370798638	0.0284866804593894	0.239100249250987
77	familyhappiness.baseline	0.155414875224937	0.0787571209496839	0.0018817917	0.00067863900117319	0.013320245	0.00298567370798638	0.00105091816355637	0.309778832286317
78	father.age	0.0509537410548026	0.0200827458635737	0.00068726138	0.000339106097045714	0.013320245	0.00298567370798638	0.0115915591621981	0.0903159229474071
79	father.ageatdeath	0.0248188159986587	0.01358206033545	0.00031832569	0.000150917987215739	0.013320245	0.00298567370798638	-0.0018020222588232	0.0514396542561407
80	father.alive	0.0124101471979204	0.00681610776859447	0.00016167099	9.7103035498982e-05	0.013320245	0.00298567370798638	-0.000949424028524765	0.0257697184243656
81	father.alzheimers	0.0292828582745549	0.0274321898432979	0.00036085944	0.000293563458026578	0.013320245	0.00298567370798638	-0.024484233818309	0.0830499503674188
82	father.bowelcancer	0.0303339216996373	0.0140600399531808	0.0003989234	0.000205267677163909	0.013320245	0.00298567370798638	0.00277624339140294	0.0578916000078717
83	father.bronchitis	0.0391947119403491	0.0281688852560444	0.0004741292	0.000303279122025972	0.013320245	0.00298567370798638	-0.016016303161498	0.0944057270421961
84	father.diabetes	0.0239243695421205	0.0232994917544317	0.00029629734	0.000286381966432293	0.013320245	0.00298567370798638	-0.0217426342965657	0.0695913733808066
85	father.heartdisease	0.0351166758283352	0.0258280682427615	0.00044926059	0.000307003071369242	0.013320245	0.00298567370798638	-0.0155063379274774	0.0857396895841478
86	father.highbloodpressure	0.0283655988657643	0.0146665333989139	0.0003560828	0.00015279400919306	0.013320245	0.00298567370798638	-0.000380806596106929	0.0571120043276355
87	father.lungcancer	0.0250546232886844	0.0177314068444704	0.00029309696	0.000178468958314008	0.013320245	0.00298567370798638	-0.00969893412647765	0.0598081807038464
88	father.parkinsons	0.0451213784457455	0.0177977547393262	0.0006014649	0.000262142551532749	0.013320245	0.00298567370798638	0.0102377791566661	0.080004977734825
89	father.prostatecancer	0.0250661061464301	0.0301432123780653	0.00030639477	0.000297522219440118	0.013320245	0.00298567370798638	-0.0340145901145778	0.084146802407438
90	father.severedepression	0.192654980316242	0.0948347785129496	0.002405781	0.00092005598250505	0.013320245	0.00298567370798638	0.0067788144308607	0.378531146201623
91	father.stroke	0.012149158780594	0.00599098773902743	0.00015500097	6.90782330719156e-05	0.013320245	0.00298567370798638	0.000406822812100215	0.0238914947490877
92	financehappiness.baseline	0.101940609628914	0.0237451368914988	0.0013684256	0.000479421405660847	0.013320245	0.00298567370798638	0.0554001413215759	0.148481077936251
93	freqtravelwork.baseline	0.016384958562137	0.00882790059084704	0.00020874723	9.46997929192626e-05	0.013320245	0.00298567370798638	-0.000917726595923173	0.0336876437201972
94	friendhappiness.baseline	0.127155091838106	0.0710127836677385	0.0015296626	0.000612253029875757	0.013320245	0.00298567370798638	-0.0120299641506617	0.266340147826873
95	getupmorning.baseline	0.0826150857059439	0.0207265672713684	0.0010704	0.000262412697390537	0.013320245	0.00298567370798638	0.0419910138540619	0.123239157557826
96	happiness.baseline	0.200094426558892	0.0794482726459287	0.002509664	0.000793050343129475	0.013320245	0.00298567370798638	0.0443758121728722	0.355813040944913
97	healthhappiness.baseline	0.21547893136332	0.121768345737285	0.002684607	0.00126102002573798	0.013320245	0.00298567370798638	-0.023187026281758	0.454144889008398
98	homemaker.baseline	0.0319079486760809	0.0204399279200139	0.0004085249	0.000221115227391839	0.013320245	0.00298567370798638	-0.00815431004714627	0.0719702073993081
99	hoursjobweek.baseline	0.0168473883289033	0.0146315959287635	0.00020331628	0.000140837825189556	0.013320245	0.00298567370798638	-0.0118305396914731	0.0455253163492798
100	income.baseline	0.0504680417234267	0.0264015571441374	0.0006142195	0.000200964980706839	0.013320245	0.00298567370798638	-0.00127901027908255	0.102215093725936
101	insomnia.baseline	0.100090114528821	0.0312426801056974	0.0012804429	0.000276037761454016	0.013320245	0.00298567370798638	0.0388544615216546	0.161325767535988
102	jobsatisfaction.baseline	0.0951370331780247	0.0345091299142819	0.0012692771	0.000512824773069591	0.013320245	0.00298567370798638	0.0274991385460322	0.162774927810017
103	lefthanded.baseline	0.0199626532404457	0.0132831197062306	0.0002536211	0.000144340787182779	0.013320245	0.00298567370798638	-0.00607226138376623	0.0459975678646575
104	livew.children.baseline	0.015164439913643	0.00934707849043073	0.00019963563	0.000134110141782384	0.013320245	0.00298567370798638	-0.00315583392760125	0.0334847137548872
105	livew.grandchild.baseline	1.41777056817754	0.524976720624599	0.018701518	0.00866901503656147	0.013320245	0.00298567370798638	0.388816195753325	2.44672494060175
106	livew.grandparents.baseline	0.122503163767034	0.0992867461839469	0.0015881472	0.00128015750626734	0.013320245	0.00298567370798638	-0.0720988587535018	0.31710518628757
107	livew.otherrelated.baseline	0.108734796757144	0.0708783830252091	0.0013823261	0.000855376647049506	0.013320245	0.00298567370798638	-0.0301868339722658	0.247656427486554
108	livew.parents.baseline	0.0457306185261661	0.030551946310722	0.0005787798	0.000351257545918408	0.013320245	0.00298567370798638	-0.014151196242849	0.105612433295181
109	livew.sibling.baseline	0.105470180530805	0.0670249828444001	0.0013283536	0.000774480139758879	0.013320245	0.00298567370798638	-0.0258987858442192	0.236839146905829
110	livew.spouse.baseline	0.0272597274756868	0.0200314622089453	0.00034295984	0.00021602176154625	0.013320245	0.00298567370798638	-0.0120019384538459	0.0665213934052196
111	livew.unrelated.baseline	0.0500389178005599	0.0263798732027546	0.0006379047	0.000327432609400282	0.013320245	0.00298567370798638	-0.00166563367683911	0.101743469277959
112	maternalsmokingatbirth.baseline	0.0585502915260961	0.0387378112886074	0.00069784268	0.000368062912902312	0.013320245	0.00298567370798638	-0.0173758185995744	0.134476401651767
113	miles.towork.baseline	0.0114869960562397	0.00357469231498623	0.0001530716	5.61158010292605e-05	0.013320245	0.00298567370798638	0.00448059911886669	0.0184933929936127
114	mobileuse.baseline	0.00994246430813682	0.00828521533630748	0.00012113172	7.99633062837338e-05	0.013320245	0.00298567370798638	-0.00629655775102583	0.0261814863672995
115	mobileuseweekly.baseline	0.0142469428610549	0.0114119106779798	0.00017559892	0.000130507678119053	0.013320245	0.00298567370798638	-0.00812040206778552	0.0366142877898952
116	mother.age	0.0504786064570624	0.0203727040245282	0.0006467034	0.000236488028544176	0.013320245	0.00298567370798638	0.010548106568987	0.0904091063451377
117	mother.ageatdeath	0.0264779493653671	0.0173611931085468	0.0003264758	0.000173684981337414	0.013320245	0.00298567370798638	-0.0075499891273847	0.0605058878581188
118	mother.alive	0.0105825801502869	0.0100172515878692	0.00012517251	9.34006158717912e-05	0.013320245	0.00298567370798638	-0.00905123296193665	0.0302163932625105
119	mother.alzheimers	0.0214020104890698	0.00957509153102057	0.0002743646	0.000109295249923417	0.013320245	0.00298567370798638	0.00263483108826947	0.0401691898898701
120	mother.bowelcancer	0.0332258072252097	0.0192121690681602	0.0004077368	0.000173407267716334	0.013320245	0.00298567370798638	-0.00443004414838423	0.0708816585988036
121	mother.breastcancer	0.0187144567481168	0.00830332403417318	0.00025345732	0.000131241571751237	0.013320245	0.00298567370798638	0.00243994164113736	0.0349889718550962
122	mother.bronchitis	0.0649699242309512	0.042793840101061	0.0008293963	0.000528421168919273	0.013320245	0.00298567370798638	-0.0189060023671284	0.148845850829031
123	mother.diabetes	0.0283015638646447	0.0139937704613442	0.0003742649	0.00020832960355672	0.013320245	0.00298567370798638	0.000873773760410205	0.0557293539688793
124	mother.heartdisease	0.0442790558223071	0.0307359470283591	0.0005382472	0.000315406027681358	0.013320245	0.00298567370798638	-0.0159634003532767	0.104521511997891
125	mother.highbloodpressure	0.0195020740472034	0.0124951487071108	0.00024793857	0.000147639510250746	0.013320245	0.00298567370798638	-0.00498841741873386	0.0439925655131406
126	mother.lungcancer	0.0386223535636118	0.0319773109929342	0.0004648188	0.000333738265881048	0.013320245	0.00298567370798638	-0.0240531759825392	0.101297883109763
127	mother.parkinsons	0.0476031266040807	0.0292925944084019	0.0006073699	0.000420396007776121	0.013320245	0.00298567370798638	-0.00981035843638707	0.105016611644548
128	mother.severedepression	0.200735985023953	0.0745587939508724	0.0025849635	0.000805440649168895	0.013320245	0.00298567370798638	0.0546007488802435	0.346871221167663
129	mother.stroke	0.0122738777219222	0.00716088232957103	0.00016114005	0.000108723631287195	0.013320245	0.00298567370798638	-0.00176145164403701	0.0263092070878814
130	napduringday.baseline	0.0580250516534675	0.0272874863131132	0.0007455501	0.000326422665272581	0.013320245	0.00298567370798638	0.00454157847976563	0.111508524827169
131	narcolepsy.baseline	0.0289078187498586	0.00746387769410242	0.0003958617	0.000162191031985297	0.013320245	0.00298567370798638	0.0142786184694179	0.0435370190302993
132	neuroticism.anxious	0.230392597821523	0.0708144312842041	0.002934322	0.00059882357254871	0.013320245	0.00298567370798638	0.0915963125044833	0.369188883138564
133	neuroticism.fedup	0.317739490392011	0.0736133080659742	0.004073785	0.000618477339066589	0.013320245	0.00298567370798638	0.173457406582701	0.46202157420132
134	neuroticism.guilt	0.266153189494811	0.0546082045809181	0.003469018	0.000716221917235775	0.013320245	0.00298567370798638	0.159121108516211	0.37318527047341
135	neuroticism.irritability	0.292881726649062	0.0831984098687306	0.003775509	0.000923288058967635	0.013320245	0.00298567370798638	0.12981284330635	0.455950609991774
136	neuroticism.loneliness	0.214893256737226	0.051290436288186	0.002744541	0.000314535312783442	0.013320245	0.00298567370798638	0.114364001612381	0.31542251186207
137	neuroticism.miserableness	0.427335262181103	0.111455887732515	0.005453941	0.000827273307363816	0.013320245	0.00298567370798638	0.208881722225374	0.645788802136833
138	neuroticism.moodswings	0.393026757322746	0.0989602694871962	0.005005768	0.000654923298304635	0.013320245	0.00298567370798638	0.199064629127842	0.586988885517651
139	neuroticism.nerves	0.185470849950995	0.0594760248599402	0.002383598	0.00057494596514803	0.013320245	0.00298567370798638	0.0688978412255125	0.302043858676478
140	neuroticism.nervous	0.182805338734259	0.0479421232876793	0.002354554	0.000510837714025806	0.013320245	0.00298567370798638	0.0888387770904078	0.276771900378111
141	neuroticism.risktaking	0.0183898349222129	0.00904999522064757	0.00023406361	0.000111924392513423	0.013320245	0.00298567370798638	0.0006518442897437	0.0361278255546822
142	neuroticism.sensitivity	0.222388507793918	0.0635949154492249	0.002919782	0.000830634216230787	0.013320245	0.00298567370798638	0.0977424735134372	0.347034542074399
143	neuroticism.tense	0.276846478085688	0.070455161996021	0.003559319	0.000734694440694754	0.013320245	0.00298567370798638	0.138754360573487	0.414938595597889
144	neuroticism.worrytoolong	0.167538938584143	0.07156358106078	0.002101154	0.000708959488753295	0.013320245	0.00298567370798638	0.0272743197050139	0.307803557463272
145	neuroticismscore	0.501050590918275	0.122709615213688	0.006393502	0.000791140540932309	0.013320245	0.00298567370798638	0.260539745099446	0.741561436737104
146	neuroticismscore.baseline	0.501050590918275	0.122709615213688	0.006393502	0.000791140540932309	0.013320245	0.00298567370798638	0.260539745099446	0.741561436737104
147	nightshiftjob.baseline	0.0935318260610141	0.0801278447852087	0.0012066935	0.00108958468466254	0.013320245	0.00298567370798638	-0.063518749717995	0.250582401840023
148	nind.household.baseline	0.0176083479807277	0.0125294060351332	0.00022005639	0.000136926452514045	0.013320245	0.00298567370798638	-0.00694928784813342	0.0421659838095888
149	nsamesexpartner.baseline	0.295014016875175	0.126699341014765	0.003972398	0.00225600319697272	0.013320245	0.00298567370798638	0.0466833084862353	0.543344725264114
150	nsexpartners.baseline	0.0157832486938105	0.00942620940425491	0.00021214292	0.000141187638862282	0.013320245	0.00298567370798638	-0.00269212173852917	0.0342586191261501
151	nvehicles.baseline	0.0474070498551846	0.0187793990725614	0.00060011	0.000183744329923704	0.013320245	0.00298567370798638	0.0105994276729644	0.0842146720374049
152	nvq.baseline	0.0206371189978496	0.0187100403099871	0.00025297114	0.000212368125892989	0.013320245	0.00298567370798638	-0.0160345600097251	0.0573087980054244
153	olevels.baseline	0.0117842052325397	0.0047404551339121	0.00015667549	6.78985505855848e-05	0.013320245	0.00298567370798638	0.00249291317007199	0.0210754972950074
154	otheractivity.baseline	0.0117848032911562	0.00569811454658838	0.00015043587	7.70352960076534e-05	0.013320245	0.00298567370798638	0.000616498779842965	0.0229531078024694
155	otherqualifications.baseline	0.0132475616250732	0.00871509914429422	0.00017556811	0.000127261716055313	0.013320245	0.00298567370798638	-0.0038340326977435	0.0303291559478898
156	paid.employment.baseline	0.0222284407867122	0.0147188353140227	0.0002727938	0.000143480745296519	0.013320245	0.00298567370798638	-0.00662047642877219	0.0510773580021966
157	partofmultibirth.baseline	0.0672536540794601	0.036138667485345	0.0008396979	0.0003512484342736	0.013320245	0.00298567370798638	-0.00357813419181602	0.138085442350736
158	physworkinjob.baseline	0.0189954375316362	0.0175380543340146	0.00023465478	0.000180907019675595	0.013320245	0.00298567370798638	-0.0153791489630323	0.0533700240263048
159	plumpatage10.baseline	0.0393718398980439	0.0215419500030115	0.0004951746	0.000226015857826736	0.013320245	0.00298567370798638	-0.0028503821078587	0.0815940619039465
160	pubclub.baseline	0.0159321583910559	0.0129044034938668	0.0002082466	0.000162681589215204	0.013320245	0.00298567370798638	-0.00936047245692302	0.0412247892390349
161	pubtranstowork.baseline	0.0201724155374055	0.0136491306582242	0.00028790829	0.000242108139780794	0.013320245	0.00298567370798638	-0.00657988055271394	0.046924711627525
162	religiousgroup.baseline	0.015649360728045	0.00859738306765614	0.00020201876	0.000110236015948602	0.013320245	0.00298567370798638	-0.00120151008456107	0.032500231540651
163	retired.baseline	0.0126455550059937	0.00866761997332985	0.00017752076	0.000155266867437098	0.013320245	0.00298567370798638	-0.00434298014173276	0.0296340901537202
164	self.alzheimers	0.419217571637047	0.285864997602835	0.005380976	0.00347193890609396	0.013320245	0.00298567370798638	-0.141077823664511	0.979512966938604
165	self.bowelcancer	0.0656496043982768	0.0406103257213081	0.0008307738	0.000456049784783976	0.013320245	0.00298567370798638	-0.0139466340154871	0.145245842812041
166	self.breastcancer	0.0255090159070007	0.0194939000569368	0.0003259482	0.000227858868892226	0.013320245	0.00298567370798638	-0.0126990282045953	0.0637170600185968
167	self.bronchitis	0.144857397705669	0.0593589710333043	0.001840872	0.000566412683312951	0.013320245	0.00298567370798638	0.0285138144803926	0.261200980930945
168	self.diabetes	0.0740858004215259	0.0450489154344141	0.0009223053	0.000495600192637405	0.013320245	0.00298567370798638	-0.0142100738299257	0.162381674672978
169	self.heartdisease	0.0859493045146077	0.0805265533389874	0.0010134245	0.000751475599235301	0.013320245	0.00298567370798638	-0.0718827400298075	0.243781349059023
170	self.highbloodpressure	0.0682835292395489	0.0283604499840139	0.000854864	0.000286973093372493	0.013320245	0.00298567370798638	0.0126970472708817	0.123870011208216
171	self.lungcancer	0.106220464826917	0.0746844000127772	0.001322505	0.000862711447093536	0.013320245	0.00298567370798638	-0.0401609591981268	0.25260188885196
172	self.parkinsons	0.134719372531696	0.0600215968133563	0.0017037337	0.000649424027671024	0.013320245	0.00298567370798638	0.0170770427775172	0.252361702285874
173	self.prostatecancer	0.0470489419982685	0.0365687113110676	0.000602917	0.000429526315039667	0.013320245	0.00298567370798638	-0.0246257321714241	0.118723616167961
174	self.stroke	0.0778070929029827	0.0556077761441111	0.0009430126	0.000565755506268526	0.013320245	0.00298567370798638	-0.031184148339475	0.18679833414544
175	sex	0.0102797054888003	0.0113376330352146	0.00012256519	0.000106552689593099	0.013320245	0.00298567370798638	-0.0119420552602203	0.0325014662378209
176	shiftworkjob.baseline	0.02668300023118	0.018102917090404	0.0003313954	0.000214648822472739	0.013320245	0.00298567370798638	-0.00879871726601183	0.0621647177283717
177	shortatage10.baseline	0.0224737688823041	0.0145105117092986	0.00026992285	0.000148022113558911	0.013320245	0.00298567370798638	-0.00596683406792105	0.0509143718325293
178	sibling.alzheimers	0.113692013261438	0.105748706427649	0.0014467589	0.00133361950856369	0.013320245	0.00298567370798638	-0.0935754513367527	0.32095947785963
179	sibling.bowelcancer	0.0724723004152514	0.0414491628649124	0.0009424845	0.000511372503784831	0.013320245	0.00298567370798638	-0.008768058799977	0.15371265963048
180	sibling.breastcancer	0.0303671044482086	0.0144162552885738	0.0003997932	0.000198280952956937	0.013320245	0.00298567370798638	0.0021112440826039	0.0586229648138132
181	sibling.bronchitis	0.128781411952596	0.0828266669927115	0.0016764276	0.00101677533018528	0.013320245	0.00298567370798638	-0.0335588553531185	0.291121679258311
182	sibling.diabetes	0.0493046393822679	0.0419713985291407	0.0006040514	0.000422882495730381	0.013320245	0.00298567370798638	-0.0329593017348478	0.131568580499384
183	sibling.heartdisease	0.0565224593582629	0.0572624187963598	0.0006690474	0.000557111558691634	0.013320245	0.00298567370798638	-0.0557118814826023	0.168756800199128
184	sibling.highbloodpressure	0.0605602261823111	0.0413976849863959	0.0007152922	0.00037274469096325	0.013320245	0.00298567370798638	-0.0205792363910249	0.141699688755647
185	sibling.lungcancer	0.0534655531026837	0.0492288807359199	0.0006550283	0.000527568478288638	0.013320245	0.00298567370798638	-0.0430230531397192	0.149954159345087
186	sibling.nbrothers	0.0252336856887339	0.00962234132793614	0.0003410182	0.000158468089023767	0.013320245	0.00298567370798638	0.00637389668597905	0.0440934746914887
187	sibling.nolder	0.0358810651151109	0.0205762228180788	0.0004648422	0.000286341779736811	0.013320245	0.00298567370798638	-0.00444833160832362	0.0762104618385454
188	sibling.nsisters	0.0294021086228266	0.0167790929796012	0.0003562361	0.000162066764518996	0.013320245	0.00298567370798638	-0.00348491361719176	0.0622891308628449
189	sibling.parkinsons	0.13583034131844	0.053717171805356	0.0017577435	0.00064571318290558	0.013320245	0.00298567370798638	0.0305446845799418	0.241115998056937
190	sibling.prostatecancer	0.0511838556991884	0.0429700269835585	0.0006468728	0.000491290700208656	0.013320245	0.00298567370798638	-0.0330373971885863	0.135405108586963
191	sibling.severedepression	0.263352091268445	0.130297786686131	0.00331458	0.00119775203114464	0.013320245	0.00298567370798638	0.0079684293636279	0.518735753173262
192	sibling.stroke	0.0349688188355537	0.025031385936089	0.0004383321	0.000268824273298645	0.013320245	0.00298567370798638	-0.0140926975991807	0.0840303352702881
193	sleepduration.baseline	0.0130195364146138	0.00705587206744882	0.00016908812	8.97879634129183e-05	0.013320245	0.00298567370798638	-0.00080997283758588	0.0268490456668135
194	smokingexphome.baseline	0.00751892919205884	0.00454936711599011	0.00010125565	6.5578370576285e-05	0.013320245	0.00298567370798638	-0.00139783035528177	0.0164356887393994
195	smokingexpoutside.baseline	0.00991955224139429	0.00550111715276433	0.00013313575	7.95558308937573e-05	0.013320245	0.00298567370798638	-0.000862637378023804	0.0207017418608124
196	snoring.baseline	0.015860381399574	0.0105123660565788	0.00019518067	0.000112098235819482	0.013320245	0.00298567370798638	-0.0047438560713204	0.0364646188704685
197	socialvisitfreq.baseline	0.0191528805222005	0.00973285770675501	0.00024311614	0.000106661887638444	0.013320245	0.00298567370798638	7.6479416960689e-05	0.0382292816274403
198	sports.baseline	0.0654704285252679	0.0260707329974517	0.0008314379	0.000247349585914102	0.013320245	0.00298567370798638	0.0143717918502625	0.116569065200273
199	stress.closepersonserioushealthissue	0.0382841933535724	0.0191903529980659	0.000483032	0.000193693416440633	0.013320245	0.00298567370798638	0.00067110147736326	0.0758972852297816
200	stress.closerelativedeath	0.0794391590832829	0.0499184204243942	0.0010005691	0.000578680607378054	0.013320245	0.00298567370798638	-0.0184009449485297	0.177279263115096
201	stress.divorceseparate	0.0978166326134397	0.0430210682005434	0.0012319436	0.000417801487525728	0.013320245	0.00298567370798638	0.0134953389403747	0.182137926286505
202	stress.finance	0.154940343977408	0.0612664699685727	0.001939194	0.000599718694707962	0.013320245	0.00298567370798638	0.0348580628390059	0.275022625115811
203	stress.partnerdeath	0.104287228787028	0.0981268361802443	0.001241943	0.000918494753493393	0.013320245	0.00298567370798638	-0.0880413701262507	0.296615827700307
204	stress.selfserioushealthissue	0.0710887583652657	0.0213587542246687	0.0009643611	0.000383462251909696	0.013320245	0.00298567370798638	0.0292256000849151	0.112951916645616
205	stressbinary	0.0751224490057918	0.0340651378108866	0.0009504199	0.000355073120212177	0.013320245	0.00298567370798638	0.00835477889645408	0.141890119115129
206	student.baseline	0.108085810841195	0.0558243857088521	0.0013821306	0.000660165812871147	0.013320245	0.00298567370798638	-0.00132998514815509	0.217501606830545
207	tallatage10.baseline	0.0297595393927412	0.014182412133764	0.0003644712	0.000127453467742196	0.013320245	0.00298567370798638	0.00196201161056379	0.0575570671749186
208	thinatage10.baseline	0.0278099131981703	0.0175668060210974	0.00034456371	0.000201258558526248	0.013320245	0.00298567370798638	-0.00662102660318059	0.0622408529995211
209	timeatjob.baseline	0.065175907391174	0.0336900884078632	0.0007975027	0.000343644630859022	0.013320245	0.00298567370798638	-0.000856665888237934	0.131208480670586
210	townsend	0.0623228757546757	0.0313138260813786	0.0007817536	0.000334322494310575	0.013320245	0.00298567370798638	0.000947776635173668	0.123697974874178
211	trauma	0.438787514327758	0.159721843036173	0.005543699	0.00170112634276006	0.013320245	0.00298567370798638	0.125732701976858	0.751842326678658
212	trystopsmoking.baseline	0.197252907762258	0.167637372968115	0.0023547955	0.00173675126177503	0.013320245	0.00298567370798638	-0.131316343255247	0.525822158779763
213	umemployed.baseline	0.0643328077881584	0.0309529124182283	0.0007932138	0.000269348485942901	0.013320245	0.00298567370798638	0.003665099448431	0.125000516127886
214	unabletowork.baseline	0.236643491419626	0.119540161453012	0.002898671	0.00103422071502546	0.013320245	0.00298567370798638	0.00234477497172314	0.470942207867529
215	unpaidwork.baseline	0.0403964669008672	0.0393481155886096	0.0005111734	0.000454861041204454	0.013320245	0.00298567370798638	-0.0367258396528076	0.117518773454542
216	walkstandinjob.baseline	0.0157542007058831	0.00795023477347776	0.00019589908	9.07350737974608e-05	0.013320245	0.00298567370798638	0.000171740549866692	0.0313366608618995
217	walktowork.baseline	0.024855648283845	0.0162105627217878	0.00030793724	0.000184506806723818	0.013320245	0.00298567370798638	-0.0069170546508591	0.056628351218549
218	years.currenthousing.baseline	0.0326926340629549	0.0171032133142607	0.00044903	0.000252734931253192	0.013320245	0.00298567370798638	-0.000829664032996121	0.0662149321589058
