pheno	meanratio	sdratio	meanr2	sdr2	meanmddr2	sdmddr2	lower	upper
1	DepAll	0.77397138597387	0.374904154608025	0.003843251	0.00178369430643538	0.005301941	0.001911244052039	0.039159242942141	1.5087835290056
2	GPpsy	0.73488274550045	0.292185028849164	0.003468554	0.000519997907094079	0.005301941	0.001911244052039	0.162200088956089	1.30756540204481
3	ICD10Dep	0.487075387528514	0.348725304832001	0.002148198	0.00083061759327757	0.005301941	0.001911244052039	-0.196426209942209	1.17057698499924
4	ICD10Dep.exclpsych	0.45229346841923	0.279413418202317	0.002088587	0.000814200222727801	0.005301941	0.001911244052039	-0.0953568312573118	0.999943768095772
5	LifetimeMDD	1	0	0.005301941	0.001911244052039	0.005301941	0.001911244052039	1	1
6	PC1	0	0	0	0	0.005301941	0.001911244052039	0	0
7	PC10	0	0	0	0	0.005301941	0.001911244052039	0	0
8	PC11	0	0	0	0	0.005301941	0.001911244052039	0	0
9	PC12	0	0	0	0	0.005301941	0.001911244052039	0	0
10	PC13	0	0	0	0	0.005301941	0.001911244052039	0	0
11	PC14	0	0	0	0	0.005301941	0.001911244052039	0	0
12	PC15	0	0	0	0	0.005301941	0.001911244052039	0	0
13	PC16	0	0	0	0	0.005301941	0.001911244052039	0	0
14	PC17	0	0	0	0	0.005301941	0.001911244052039	0	0
15	PC18	0	0	0	0	0.005301941	0.001911244052039	0	0
16	PC19	0	0	0	0	0.005301941	0.001911244052039	0	0
17	PC2	0	0	0	0	0.005301941	0.001911244052039	0	0
18	PC20	0	0	0	0	0.005301941	0.001911244052039	0	0
19	PC3	0	0	0	0	0.005301941	0.001911244052039	0	0
20	PC4	0	0	0	0	0.005301941	0.001911244052039	0	0
21	PC5	0	0	0	0	0.005301941	0.001911244052039	0	0
22	PC6	0	0	0	0	0.005301941	0.001911244052039	0	0
23	PC7	0	0	0	0	0.005301941	0.001911244052039	0	0
24	PC8	0	0	0	0	0.005301941	0.001911244052039	0	0
25	PC9	0	0	0	0	0.005301941	0.001911244052039	0	0
26	Psypsy	0.563935657297435	0.16888921655193	0.002773871	0.000596246315440747	0.005301941	0.001911244052039	0.232912792855651	0.894958521739218
27	SelfRepDep	0.501755365764895	0.294587872694419	0.002273487	0.000744486528585679	0.005301941	0.001911244052039	-0.0756368647161672	1.07914759624596
28	abletoconfide.baseline	0.0627526076194838	0.0279002712246325	0.0003318965	0.000190080687581909	0.005301941	0.001911244052039	0.00806807601920405	0.117437139219763
29	adoptedaschild.baseline	0.211619399645377	0.234134104330834	0.0008449219	0.000579769468153689	0.005301941	0.001911244052039	-0.247283444843057	0.670522244133812
30	adultclass.baseline	0.0569464700444795	0.0308123566892881	0.00027406142	0.000139971277057781	0.005301941	0.001911244052039	-0.0034457490665252	0.117338689155484
31	age	0.0222292251782369	0.019868357188666	0.00010546025	7.15558376154711e-05	0.005301941	0.001911244052039	-0.0167127549115485	0.0611712052680222
32	agefirstsex.baseline	0.080758437881764	0.0585484441785763	0.0003591432	0.000204098226165083	0.005301941	0.001911244052039	-0.0339965127082455	0.195513388471774
33	agestartedsmoking.baseline	0.462889171879372	0.434517372793875	0.0019219544	0.00154327234074628	0.005301941	0.001911244052039	-0.388764878796622	1.31454322255537
34	agestopsmoking.baseline	0.0977579396799191	0.0305559747238665	0.0005053573	0.00021906362980044	0.005301941	0.001911244052039	0.0378682292211408	0.157647650138697
35	alcoholfreq.baseline	0.078942700287911	0.048014644176357	0.0003552365	0.000115631581057397	0.005301941	0.001911244052039	-0.0151660022977488	0.173051402873571
36	alcoholuse.baseline	0.0386238034387041	0.0196137524548092	0.00018703787	9.23812733304038e-05	0.005301941	0.001911244052039	0.000180848627278012	0.0770667582501302
37	alevels.baseline	0.100774895768261	0.0639748070640499	0.0004732529	0.000191322243311267	0.005301941	0.001911244052039	-0.0246157260772771	0.226165517613798
38	ambidextrous.baseline	0.151068051438748	0.109760131662045	0.0007947734	0.000591841969293643	0.005301941	0.001911244052039	-0.0640618066188606	0.366197909496357
39	array	0	0	0	0	0.005301941	0.001911244052039	0	0
40	attemptsstopsmoking.baseline	0.160442670956804	0.137667650851582	0.000727039	0.000445084105789257	0.005301941	0.001911244052039	-0.109385924712296	0.430271266625905
41	averageatage10.baseline	0.0885266431795128	0.046119638060518	0.0004080743	0.000142300532116636	0.005301941	0.001911244052039	-0.00186784741910255	0.178921133778128
42	averageheightatage10.baseline	0.041552492542487	0.0290374441375568	0.00018872348	0.00012740089637348	0.005301941	0.001911244052039	-0.0153608979671243	0.0984658830520983
43	biketowork.baseline	0.0983900271284895	0.0601489000629666	0.0004626178	0.000185000125777615	0.005301941	0.001911244052039	-0.0195018169949251	0.216281871251904
44	breastfed.baseline	0.0431278135137864	0.0172823476475822	0.0002266497	0.000140564468721295	0.005301941	0.001911244052039	0.00925441212452531	0.0770012149030475
45	cartowork.baseline	0.0367673840378991	0.0295846057437767	0.00018330567	0.000133588453882712	0.005301941	0.001911244052039	-0.0212184432199032	0.0947532112957014
46	centre.barts	0.143592816984386	0.0759266044946631	0.0007863359	0.000598281358148386	0.005301941	0.001911244052039	-0.00522332782515381	0.292408961793926
47	centre.birmingham	0.141903013949158	0.143420183900034	0.000661203	0.000463613831174658	0.005301941	0.001911244052039	-0.139200546494909	0.423006574393226
48	centre.bristol	0.0721603286532845	0.059155983810702	0.0003414847	0.000211486566179115	0.005301941	0.001911244052039	-0.0437853996156915	0.18810605692226
49	centre.bury	0.0529536177987281	0.0229990498697323	0.00027449659	0.00013574907986753	0.005301941	0.001911244052039	0.00787548005405284	0.0980317555434034
50	centre.cardiff	0.130252307721117	0.072159781668814	0.000648871	0.000359393956925946	0.005301941	0.001911244052039	-0.011180864349758	0.271685479791993
51	centre.croydon	0.0987002946631166	0.0517280910240559	0.000455112	0.000150565107497646	0.005301941	0.001911244052039	-0.002686763744033	0.200087353070266
52	centre.edinburgh	0.117599362977828	0.0639468350866925	0.000614056	0.00043154573877838	0.005301941	0.001911244052039	-0.00773643379208903	0.242935159747746
53	centre.glasgow	0.103438285053032	0.0785308806454763	0.0004673529	0.000355964223728687	0.005301941	0.001911244052039	-0.0504822410121017	0.257358811118165
54	centre.hounslow	0.074112097304755	0.0416748319018425	0.0003772708	0.000211201982148106	0.005301941	0.001911244052039	-0.00757057322285629	0.155794767832366
55	centre.leeds	0.0514307324270929	0.0227981338826508	0.0002525108	9.45725873047318e-05	0.005301941	0.001911244052039	0.00674639001709729	0.0961150748370884
56	centre.liverpool	0.0610919158276641	0.0376708627192856	0.0002778482	0.000103013029949074	0.005301941	0.001911244052039	-0.0127429751021357	0.134926806757464
57	centre.manchester	0.101663302011572	0.0829743301428821	0.0004594796	0.000269438695243031	0.005301941	0.001911244052039	-0.0609663850684768	0.264292989091621
58	centre.middlesborough	0.102359156596766	0.0661518246566945	0.0004531673	0.000243291742030496	0.005301941	0.001911244052039	-0.0272984197303549	0.232016732923888
59	centre.newcastle	0.0802515168705899	0.0729420704237657	0.0003554138	0.00028111913499195	0.005301941	0.001911244052039	-0.0627149411599909	0.223217974901171
60	centre.nottingham	0.0658290831957189	0.0442849060798602	0.00031865125	0.000212769821067177	0.005301941	0.001911244052039	-0.020969332720807	0.152627499112245
61	centre.oxford	0.155368194939551	0.112807957945661	0.0006877776	0.00034213402706873	0.005301941	0.001911244052039	-0.0657354026339443	0.376471792513047
62	centre.reading	0.09904985968906	0.0685826341036563	0.00044966682	0.000258535174527765	0.005301941	0.001911244052039	-0.0353721031541063	0.233471822532226
63	centre.sheffield	0.0688152952285222	0.047320405997819	0.00032794809	0.00021100934225946	0.005301941	0.001911244052039	-0.0239327005272031	0.161563290984247
64	centre.stockport	1.45262892825265	0.577282397658573	0.007531074	0.00406027229101749	0.005301941	0.001911244052039	0.321155428841843	2.58410242766345
65	centre.stoke	0.0513189033395692	0.0093508464197153	0.000273768	0.000125842966823295	0.005301941	0.001911244052039	0.0329912443569272	0.0696465623222112
66	centre.swansea	0.419074702319372	0.348554998146159	0.0019557374	0.001348747563463	0.005301941	0.001911244052039	-0.2640930940471	1.10224249868584
67	centre.wrexham	1.68665831892556	1.26281821450118	0.008083666	0.00495458548801052	0.005301941	0.001911244052039	-0.788465381496765	4.16178201934788
68	chronotype.baseline	0.0423642853389258	0.0440877917084247	0.00017832427	0.000126357126660888	0.005301941	0.001911244052039	-0.0440477864095866	0.128776357087438
69	college.baseline	0.118556489513824	0.0875212823053943	0.0005292967	0.00028322415265261	0.005301941	0.001911244052039	-0.0529852238047485	0.290098202832397
70	computergames.baseline	0.0259590501215109	0.015435407305209	0.00012585087	7.58936756716051e-05	0.005301941	0.001911244052039	-0.00429434819669879	0.0562124484397206
71	cse.baseline	0.0823045339412879	0.0639182629646629	0.00038298105	0.000213071290851266	0.005301941	0.001911244052039	-0.0429752614694514	0.207584329352027
72	currentsmoking.baseline	0.143869224864303	0.0808845023196209	0.0006978495	0.000338394669980434	0.005301941	0.001911244052039	-0.0146643996821539	0.30240284941076
73	educatedyrs	0.186712469237479	0.154293224727303	0.0008662935	0.000515188439624927	0.005301941	0.001911244052039	-0.115702251228034	0.489127189702993
74	educationage.baseline	0.10509337655645	0.103893110678397	0.0004735072	0.000321659636719658	0.005301941	0.001911244052039	-0.0985371203732093	0.308723873486108
75	eversamesexpartner.baseline	0.124225581467697	0.0941430293011272	0.0006375117	0.000483648890541487	0.005301941	0.001911244052039	-0.0602947559625121	0.308745918897906
76	eversmoked.baseline	0.0976013805664659	0.0363042416410027	0.0004831033	0.000169688249389579	0.005301941	0.001911244052039	0.0264450669501007	0.168757694182831
77	familyhappiness.baseline	0.235712892786649	0.118724304504757	0.0011615219	0.00052094546499406	0.005301941	0.001911244052039	0.00301325595732488	0.468412529615972
78	father.age	0.152851590586685	0.114319492443523	0.0006897568	0.00031775976856557	0.005301941	0.001911244052039	-0.0712146146026191	0.37691779577599
79	father.ageatdeath	0.0694648478113661	0.0530345996263255	0.00030642183	0.00019479366492528	0.005301941	0.001911244052039	-0.0344829674562319	0.173412663078964
80	father.alive	0.0392209849630693	0.0299614322976629	0.00018410646	0.000129522688827421	0.005301941	0.001911244052039	-0.01950342234035	0.0979453922664887
81	father.alzheimers	0.0721449242079984	0.0464714634691856	0.0003326236	0.000159642625342565	0.005301941	0.001911244052039	-0.0189391441916055	0.163228992607602
82	father.bowelcancer	0.0599624668918711	0.0646906553756463	0.00027212935	0.000248942675281552	0.005301941	0.001911244052039	-0.0668312176443956	0.186756151428138
83	father.bronchitis	0.0605061890872398	0.0364356628620029	0.00030468335	0.000185333872323864	0.005301941	0.001911244052039	-0.0109077101222859	0.131920088296765
84	father.diabetes	0.0649229993644385	0.0384503252051778	0.00029266144	0.00012032708927596	0.005301941	0.001911244052039	-0.01043963803771	0.140285636766587
85	father.heartdisease	0.0321774056722729	0.0210175929166958	0.00014843873	9.18940791759978e-05	0.005301941	0.001911244052039	-0.00901707644445093	0.0733718877889968
86	father.highbloodpressure	0.0349240715344785	0.0348321144508451	0.00015236148	0.000134709357812983	0.005301941	0.001911244052039	-0.0333468727891778	0.103195015858135
87	father.lungcancer	0.0662589726849529	0.0383493244786531	0.0003256399	0.000200728272205149	0.005301941	0.001911244052039	-0.00890570329320713	0.141423648663113
88	father.parkinsons	0.112485773391867	0.0917513471268354	0.0005621071	0.000461672166409708	0.005301941	0.001911244052039	-0.0673468669767305	0.292318413760464
89	father.prostatecancer	0.0752431356631429	0.0334701231115799	0.0003714881	0.000141777928188535	0.005301941	0.001911244052039	0.00964169436444626	0.14084457696184
90	father.severedepression	0.178129929893263	0.0965280382478317	0.0008665678	0.000372561824439261	0.005301941	0.001911244052039	-0.0110650250724876	0.367324884859013
91	father.stroke	0.0424413632752089	0.0191505848764288	0.0002173157	9.72488492099407e-05	0.005301941	0.001911244052039	0.00490621691740842	0.0799765096330093
92	financehappiness.baseline	0.207104102823823	0.181716859429212	0.0009574049	0.000515801117412397	0.005301941	0.001911244052039	-0.149060941657433	0.563269147305079
93	freqtravelwork.baseline	0.0461985040811249	0.0315372996681308	0.00022872916	0.000126319521632118	0.005301941	0.001911244052039	-0.0156146032684114	0.108011611430661
94	friendhappiness.baseline	0.185622889623071	0.140049500887749	0.0008780696	0.000665514214948645	0.005301941	0.001911244052039	-0.088874132116917	0.460119911363058
95	getupmorning.baseline	0.0939189306188128	0.0564302660136308	0.0004277864	0.000227447578774734	0.005301941	0.001911244052039	-0.0166843907679035	0.204522252005529
96	happiness.baseline	0.276452312392738	0.149839931308983	0.0014065444	0.000742985673002021	0.005301941	0.001911244052039	-0.0172339529728682	0.570138577758344
97	healthhappiness.baseline	0.321953416912807	0.189020951746416	0.0015683603	0.000690185540824116	0.005301941	0.001911244052039	-0.0485276485101673	0.692434482335782
98	homemaker.baseline	0.0727362372045951	0.0620274302716194	0.0003438773	0.00027347495218232	0.005301941	0.001911244052039	-0.0488375261277789	0.194310000536969
99	hoursjobweek.baseline	0.0327154751747778	0.0133365897190824	0.00016095304	6.12583949215344e-05	0.005301941	0.001911244052039	0.00657575932537628	0.0588551910241794
100	income.baseline	0.116805329325721	0.0551238340610939	0.0005585966	0.00019766181801653	0.005301941	0.001911244052039	0.00876261456597657	0.224848044085465
101	insomnia.baseline	0.110777743972688	0.0624927196517723	0.0005399442	0.000282052502708588	0.005301941	0.001911244052039	-0.0117079865447854	0.233263474490162
102	jobsatisfaction.baseline	0.175796772879765	0.151371552064912	0.0007350433	0.000389896622189082	0.005301941	0.001911244052039	-0.120891469167463	0.472485014926992
103	lefthanded.baseline	0.0548796333930438	0.0369162374092761	0.00026100447	0.000145051178760954	0.005301941	0.001911244052039	-0.0174761919291373	0.127235458715225
104	livew.children.baseline	0.0283741791085568	0.0168289250366189	0.0001386547	8.18009145284928e-05	0.005301941	0.001911244052039	-0.00461051396321627	0.06135887218033
105	livew.grandchild.baseline	3.67685221900603	1.30516557218018	0.019897513	0.00981669578515891	0.005301941	0.001911244052039	1.11872769753288	6.23497674047919
106	livew.grandparents.baseline	0.353020461679487	0.361756147406407	0.0014965535	0.00105865321047675	0.005301941	0.001911244052039	-0.35602158723707	1.06206251059604
107	livew.otherrelated.baseline	0.310235618146167	0.293590184888048	0.001343904	0.000716352250122801	0.005301941	0.001911244052039	-0.265201144234408	0.885672380526741
108	livew.parents.baseline	0.147474220608906	0.0612702492235052	0.0007195514	0.00033135897124894	0.005301941	0.001911244052039	0.0273845321308355	0.267563909086976
109	livew.sibling.baseline	0.504269382458745	0.34737388369605	0.0023945591	0.00127150199057881	0.005301941	0.001911244052039	-0.176583429585513	1.185122194503
110	livew.spouse.baseline	0.0655654852506709	0.0390921439635237	0.00032406126	0.000173691989660268	0.005301941	0.001911244052039	-0.0110551169178356	0.142186087419177
111	livew.unrelated.baseline	0.135197118845038	0.04900240076376	0.000713644	0.000377340491915017	0.005301941	0.001911244052039	0.0391524133480685	0.231241824342008
112	maternalsmokingatbirth.baseline	0.10934749047343	0.0620324577594191	0.0005210413	0.000232218228635647	0.005301941	0.001911244052039	-0.0122361267350315	0.230931107681891
113	miles.towork.baseline	0.0376191423443822	0.0155096466373325	0.00020251067	0.000109081310219019	0.005301941	0.001911244052039	0.00722023493521047	0.0680180497535539
114	mobileuse.baseline	0.0187495091597138	0.0164198295093688	8.818652e-05	7.90117270098813e-05	0.005301941	0.001911244052039	-0.0134333566786491	0.0509323749980768
115	mobileuseweekly.baseline	0.0511397696519482	0.0378675038736213	0.00021922916	0.000114009357223774	0.005301941	0.001911244052039	-0.0230805379403496	0.125360077244246
116	mother.age	0.12505246746667	0.059862529505697	0.0006016458	0.000237660153798467	0.005301941	0.001911244052039	0.00772190963550382	0.242383025297836
117	mother.ageatdeath	0.0693488139900379	0.0569044422259836	0.00036955665	0.000346246365318271	0.005301941	0.001911244052039	-0.0421838927728899	0.180881520752966
118	mother.alive	0.0223787753211282	0.0152907370035126	9.761607e-05	5.06829353091693e-05	0.005301941	0.001911244052039	-0.00759106920575642	0.0523486198480128
119	mother.alzheimers	0.047432254698099	0.0266925128614476	0.00023972432	0.00013025305262348	0.005301941	0.001911244052039	-0.00488507051033839	0.0997495799065363
120	mother.bowelcancer	0.114939427902428	0.0836290481362022	0.0005113531	0.000361859583111844	0.005301941	0.001911244052039	-0.0489735064445283	0.278852362249384
121	mother.breastcancer	0.0698332427044812	0.0600808870183701	0.0003040983	0.000177838921143732	0.005301941	0.001911244052039	-0.0479252958515242	0.187591781260487
122	mother.bronchitis	0.101697882897508	0.0613749650504867	0.0005006321	0.00031098437927632	0.005301941	0.001911244052039	-0.0185970486014458	0.221992814396462
123	mother.diabetes	0.0629911493882934	0.0405538890982558	0.00029366318	0.000127789669296994	0.005301941	0.001911244052039	-0.0164944732442879	0.142476772020875
124	mother.heartdisease	0.0429914862998231	0.0502482933173097	0.00018617516	0.000148623847322189	0.005301941	0.001911244052039	-0.0554951686021039	0.14147814120175
125	mother.highbloodpressure	0.0370159554597155	0.023686726587254	0.00016877491	9.04023128297851e-05	0.005301941	0.001911244052039	-0.00941002865130223	0.0834419395707333
126	mother.lungcancer	0.0994023142141114	0.0500977754072452	0.00045040623	0.000176675716452539	0.005301941	0.001911244052039	0.00121067441591079	0.197593954012312
127	mother.parkinsons	0.134969275901294	0.0484207680690298	0.0006543382	0.000194619261055928	0.005301941	0.001911244052039	0.0400645704859957	0.229873981316592
128	mother.severedepression	0.290893557330577	0.0729013403964808	0.0014685694	0.000421292051344749	0.005301941	0.001911244052039	0.148006930153475	0.433780184507679
129	mother.stroke	0.0432395712404807	0.0482547921371457	0.0001921508	0.000160873250124086	0.005301941	0.001911244052039	-0.051339821348325	0.137818963829286
130	napduringday.baseline	0.0359821278805438	0.0153400619066952	0.00017843744	7.46906464388086e-05	0.005301941	0.001911244052039	0.00591560654342117	0.0660486492176665
131	narcolepsy.baseline	0.0452089365205627	0.0255987274681858	0.00021706368	9.34931236596907e-05	0.005301941	0.001911244052039	-0.00496456931708151	0.0953824423582068
132	neuroticism.anxious	0.351945144446765	0.19005603304427	0.0015908138	0.000532421542157423	0.005301941	0.001911244052039	-0.0205646803200049	0.724454969213534
133	neuroticism.fedup	0.451785429255948	0.201196359905037	0.00214175	0.000509152765156654	0.005301941	0.001911244052039	0.0574405638420751	0.846130294669821
134	neuroticism.guilt	0.308481613405031	0.139452752792982	0.001464553	0.000320283353079391	0.005301941	0.001911244052039	0.035154217930787	0.581809008879275
135	neuroticism.irritability	0.335180328674378	0.196373888986278	0.0015532094	0.000757423418959479	0.005301941	0.001911244052039	-0.0497124937387258	0.720073151087482
136	neuroticism.loneliness	0.337780693944654	0.162294098556493	0.001659602	0.000675136344740988	0.005301941	0.001911244052039	0.0196842607739273	0.655877127115381
137	neuroticism.miserableness	0.490688842943232	0.18582688598155	0.002418147	0.00073565119825227	0.005301941	0.001911244052039	0.126468146419394	0.854909539467069
138	neuroticism.moodswings	0.573324516677847	0.239987728557419	0.00270681	0.000502938314684592	0.005301941	0.001911244052039	0.102948568705306	1.04370046465039
139	neuroticism.nerves	0.291325852907532	0.171855792518584	0.001328967	0.000572312120652902	0.005301941	0.001911244052039	-0.0455115004288926	0.628163206243957
140	neuroticism.nervous	0.328367584238202	0.20641429192453	0.0014779469	0.000634885013566753	0.005301941	0.001911244052039	-0.0762044279338774	0.732939596410281
141	neuroticism.risktaking	0.0620432148553718	0.0326309373949898	0.0003153675	0.000226371945327571	0.005301941	0.001911244052039	-0.00191342243880816	0.125999852149552
142	neuroticism.sensitivity	0.311296168847019	0.168550866582625	0.0014628852	0.000496021044003803	0.005301941	0.001911244052039	-0.0190635296549264	0.641655867348965
143	neuroticism.tense	0.450628318550826	0.24134395561664	0.002057688	0.000663518845714105	0.005301941	0.001911244052039	-0.0224058344577883	0.923662471559439
144	neuroticism.worrytoolong	0.172036625197213	0.0912763073704668	0.0007977906	0.000225360317617119	0.005301941	0.001911244052039	-0.00686493724890158	0.350938187643328
145	neuroticismscore.baseline	0.674867055175954	0.299069530694189	0.00312812	0.000558759331336449	0.005301941	0.001911244052039	0.0886907750153432	1.26104333533657
146	nightshiftjob.baseline	0.235492040592277	0.105071217426626	0.0011843245	0.00055567345766861	0.005301941	0.001911244052039	0.0295524544360907	0.441431626748463
147	nind.household.baseline	0.0288660901569882	0.0150056552273944	0.00013808758	5.87248979991887e-05	0.005301941	0.001911244052039	-0.000544994088704905	0.0582771744026813
148	nsamesexpartner.baseline	1.11202680637033	1.31090651808346	0.0043197801	0.00358893881221549	0.005301941	0.001911244052039	-1.45734996907325	3.68140358181391
149	nsexpartners.baseline	0.0250671489169895	0.0220439140101105	0.00010408523	5.05787733176906e-05	0.005301941	0.001911244052039	-0.0181389225428271	0.0682732203768061
150	nvehicles.baseline	0.0500856840445953	0.0316001964170215	0.00022521146	0.000103973973220783	0.005301941	0.001911244052039	-0.0118507009327668	0.112022069021958
151	nvq.baseline	0.0514766130467627	0.0289373437892202	0.0002397926	9.85820252189346e-05	0.005301941	0.001911244052039	-0.00524058078010895	0.108193806873634
152	olevels.baseline	0.0537299780714299	0.0221039544879681	0.00030307109	0.000203124873786964	0.005301941	0.001911244052039	0.0104062272750124	0.0970537288678473
153	otheractivity.baseline	0.0619818714133289	0.0422966451442599	0.0002942054	0.000154519698478292	0.005301941	0.001911244052039	-0.0209195530694205	0.144883295896078
154	otherqualifications.baseline	0.0613056514493003	0.0505181502367148	0.0002627614	0.000159657405890933	0.005301941	0.001911244052039	-0.0377099230146607	0.160321225913261
155	paid.employment.baseline	0.0377968179564117	0.0247341682657053	0.0001744201	0.000100215452360269	0.005301941	0.001911244052039	-0.0106821518443707	0.0862757877571941
156	partofmultibirth.baseline	0.126471342648918	0.0908593703059153	0.0005961342	0.000319867526566442	0.005301941	0.001911244052039	-0.0516130231506758	0.304555708448512
157	physworkinjob.baseline	0.0607077119986349	0.0473932792309763	0.00029083267	0.000166858608304956	0.005301941	0.001911244052039	-0.0321831152940786	0.153598539291348
158	plumpatage10.baseline	0.0495941538594712	0.0342906290793327	0.00022992652	0.000103751350064113	0.005301941	0.001911244052039	-0.0176154791360209	0.116803786854963
159	pubclub.baseline	0.0243718489894499	0.0155327752087521	0.00011402461	6.2774858754732e-05	0.005301941	0.001911244052039	-0.00607239041970429	0.0548160883986041
160	pubtranstowork.baseline	0.0469297402438253	0.0398967386372291	0.0002135186	0.000107443461452679	0.005301941	0.001911244052039	-0.0312678674851436	0.125127347972794
161	religiousgroup.baseline	0.0593881449872017	0.0459695464898274	0.00027021982	0.00019729722450342	0.005301941	0.001911244052039	-0.03071216613286	0.149488456107263
162	retired.baseline	0.024666239534444	0.0168309958088135	0.00012173841	7.30637272561799e-05	0.005301941	0.001911244052039	-0.00832251225083054	0.0576549913197185
163	self.alzheimers	0.719639059932864	0.311577847361273	0.00362098	0.00160093786657835	0.005301941	0.001911244052039	0.108946479104769	1.33033164076096
164	self.bowelcancer	0.100063727993807	0.0515483079085847	0.000504068	0.000247565402626817	0.005301941	0.001911244052039	-0.000970955507018881	0.201098411494633
165	self.breastcancer	0.0604400510081154	0.026841209924776	0.0002950593	0.000112035218955717	0.005301941	0.001911244052039	0.00783127955555445	0.113048822460676
166	self.bronchitis	0.20089091785026	0.133855828477919	0.0009082534	0.000349336986089427	0.005301941	0.001911244052039	-0.0614665059664621	0.463248341666982
167	self.diabetes	0.085227120841306	0.0601999107739984	0.0003944306	0.000157933214145305	0.005301941	0.001911244052039	-0.0327647042757309	0.203218945958343
168	self.heartdisease	0.0891178115783507	0.118444898036181	0.000379731	0.000307925815751854	0.005301941	0.001911244052039	-0.143034188572563	0.321269811729265
169	self.highbloodpressure	0.0805627847305695	0.10928384237867	0.00033208084	0.000279416453688895	0.005301941	0.001911244052039	-0.133633546331623	0.294759115792762
170	self.lungcancer	0.307601431017578	0.200300992627702	0.0015068658	0.00096827541594273	0.005301941	0.001911244052039	-0.084988514532718	0.700191376567875
171	self.parkinsons	0.468344115175655	0.354321340977533	0.0022925893	0.00168872359975785	0.005301941	0.001911244052039	-0.226125713140309	1.16281394349162
172	self.prostatecancer	0.144125211664929	0.0525909324433262	0.0007497191	0.000331567393019026	0.005301941	0.001911244052039	0.04104698407601	0.247203439253849
173	self.stroke	0.112145307018764	0.067427945806047	0.00059547	0.000447446331447694	0.005301941	0.001911244052039	-0.0200134667610885	0.244304080798616
174	sex	0.0212290569183339	0.00978203409913173	0.00010418375	5.25406174604044e-05	0.005301941	0.001911244052039	0.00205627008403575	0.0404018437526321
175	shiftworkjob.baseline	0.0632448176079787	0.0306895251084352	0.0003053371	0.000110590004796948	0.005301941	0.001911244052039	0.00309334839544571	0.123396286820512
176	shortatage10.baseline	0.0703067257415216	0.0361199100677341	0.0003417605	0.000148066031728528	0.005301941	0.001911244052039	-0.000488297991237369	0.14110174947428
177	sibling.alzheimers	0.313574183670995	0.188509711815545	0.0015936917	0.000905778006266565	0.005301941	0.001911244052039	-0.0559048514874743	0.683053218829464
178	sibling.bowelcancer	0.130989350478292	0.106061246470785	0.0005520684	0.000271651922022037	0.005301941	0.001911244052039	-0.0768906926044465	0.33886939356103
179	sibling.breastcancer	0.108629603910998	0.0660287509734094	0.0004883632	0.000184435671625517	0.005301941	0.001911244052039	-0.0207867479968848	0.23804595581888
180	sibling.bronchitis	0.164509347429099	0.162576204258253	0.0007577512	0.000489369056445996	0.005301941	0.001911244052039	-0.154140012917076	0.483158707775274
181	sibling.diabetes	0.101686562463027	0.0876292837474854	0.00049271407	0.000344414511861062	0.005301941	0.001911244052039	-0.0700668336820448	0.273439958608098
182	sibling.heartdisease	0.0832825112930963	0.0533060788490856	0.0003775532	0.000116492770748327	0.005301941	0.001911244052039	-0.0211974032511116	0.187762425837304
183	sibling.highbloodpressure	0.0573616085404268	0.0243881053976793	0.0002831815	0.000121737554258011	0.005301941	0.001911244052039	0.00956092196097542	0.105162295119878
184	sibling.lungcancer	0.208008968141738	0.146096113467223	0.0010391211	0.000720440930483463	0.005301941	0.001911244052039	-0.0783394142540204	0.494357350537495
185	sibling.nbrothers	0.0539828687563588	0.0344367384691864	0.00027193699	0.000173671495540668	0.005301941	0.001911244052039	-0.0135131386432466	0.121478876155964
186	sibling.nolder	0.0729942032058147	0.0483247063380128	0.00032594096	0.000162305943292476	0.005301941	0.001911244052039	-0.0217222212166903	0.16771062762832
187	sibling.nsisters	0.0468028189598444	0.0303081310853221	0.00020358932	6.95594397792405e-05	0.005301941	0.001911244052039	-0.012601117967387	0.106206755887076
188	sibling.parkinsons	0.337542569706343	0.344487520427813	0.0013942657	0.000897092516382669	0.005301941	0.001911244052039	-0.33765297033217	1.01273810974486
189	sibling.prostatecancer	0.211982862752493	0.260511371520032	0.0010232039	0.00126204880069666	0.005301941	0.001911244052039	-0.298619425426769	0.722585150931756
190	sibling.severedepression	0.33383277671645	0.21692445480848	0.0015640337	0.000658447702496992	0.005301941	0.001911244052039	-0.0913391547081719	0.759004708141071
191	sibling.stroke	0.117324852449914	0.0873505844328084	0.0005302444	0.000270407388446149	0.005301941	0.001911244052039	-0.0538822930383904	0.288531997938219
192	sleepduration.baseline	0.0321704238095816	0.0346362294173365	0.00014062562	0.000107359884865518	0.005301941	0.001911244052039	-0.0357165858483979	0.100057433467561
193	smokingexphome.baseline	0.0309985260558044	0.0158749907135413	0.00015158246	6.75934082740848e-05	0.005301941	0.001911244052039	-0.000116455742736495	0.0621135078543454
194	smokingexpoutside.baseline	0.0488399180115459	0.0488386913750978	0.00024179181	0.000248022299425871	0.005301941	0.001911244052039	-0.0468839170836458	0.144563753106738
195	snoring.baseline	0.0272768228281438	0.0135486457517385	0.00013179798	5.57712962032701e-05	0.005301941	0.001911244052039	0.000721477154736368	0.0538321685015512
196	socialvisitfreq.baseline	0.0283674368101214	0.019962523452601	0.00013513191	7.9770523138416e-05	0.005301941	0.001911244052039	-0.0107591091569765	0.0674939827772193
197	sports.baseline	0.0847728948360722	0.0558529056601367	0.0003873738	0.000172021824083005	0.005301941	0.001911244052039	-0.0246988002577958	0.19424458992994
198	stress.closepersonserioushealthissue	0.0932755972654511	0.0481485809450041	0.0004536834	0.000188544110447632	0.005301941	0.001911244052039	-0.0010956213867569	0.187646815917659
199	stress.closerelativedeath	0.0745524500646632	0.03932931644339	0.0003661544	0.000212404564285652	0.005301941	0.001911244052039	-0.00253301016438108	0.151637910293708
200	stress.divorceseparate	0.274627334006299	0.18685983729623	0.0014449548	0.00118510081120026	0.005301941	0.001911244052039	-0.0916179470943111	0.64087261510691
201	stress.finance	0.182009773918595	0.090354732962703	0.0009799199	0.000640463067075942	0.005301941	0.001911244052039	0.00491449731169735	0.359105050525493
202	stress.partnerdeath	0.228394065136317	0.114161859943901	0.0011246956	0.000592042816823843	0.005301941	0.001911244052039	0.00463681964627113	0.452151310626363
203	stress.selfserioushealthissue	0.102981386413774	0.0663934340250206	0.0005029937	0.000276383192463752	0.005301941	0.001911244052039	-0.0271497442752665	0.233112517102814
204	stressbinary	0.0960425834961045	0.0722086161962155	0.00044991126	0.0003044550669286	0.005301941	0.001911244052039	-0.045486304248478	0.237571471240687
205	student.baseline	0.285692832777683	0.156947525702404	0.0013343492	0.000502295869475087	0.005301941	0.001911244052039	-0.0219243175990281	0.593309983154395
206	tallatage10.baseline	0.0393768161744876	0.0327361847125592	0.0001838339	0.000105279451314469	0.005301941	0.001911244052039	-0.0247861058621285	0.103539738211104
207	thinatage10.baseline	0.0744560431177382	0.0459620129789184	0.00035472517	0.000164472419409389	0.005301941	0.001911244052039	-0.0156295023209418	0.164541588556418
208	timeatjob.baseline	0.0609729534791895	0.0515932938045214	0.00027080527	0.000189005659018325	0.005301941	0.001911244052039	-0.0401499023776726	0.162095809336051
209	townsend	0.0825193552742396	0.0511749233559296	0.0003865059	0.00015256412385431	0.005301941	0.001911244052039	-0.0177834945033825	0.182822205051862
210	trauma	0.557177321172479	0.180159265150921	0.0028346	0.00111114811031953	0.005301941	0.001911244052039	0.204065161476673	0.910289480868284
211	trystopsmoking.baseline	0.307317154508243	0.186722932111276	0.0013814168	0.000574932276671841	0.005301941	0.001911244052039	-0.0586597924298587	0.673294101446345
212	umemployed.baseline	0.256447953371779	0.290314958170716	0.0010632474	0.000765432168742339	0.005301941	0.001911244052039	-0.312569364642825	0.825465271386382
213	unabletowork.baseline	0.235646105214785	0.101922976327417	0.0011397903	0.000415015100673872	0.005301941	0.001911244052039	0.0358770716130482	0.435415138816522
214	unpaidwork.baseline	0.0982995441574209	0.045819440407883	0.0004708039	0.000190534355970226	0.005301941	0.001911244052039	0.00849344095797026	0.188105647356872
215	walkstandinjob.baseline	0.0635079265172155	0.039701019696753	0.00033469624	0.000240595677385457	0.005301941	0.001911244052039	-0.0143060720884203	0.141321925122851
216	walktowork.baseline	0.0447549670141372	0.0309566745411247	0.00021138143	9.82315879338441e-05	0.005301941	0.001911244052039	-0.0159201150864672	0.105430049114742
217	years.currenthousing.baseline	0.0265661853184089	0.0133998759585672	0.00013335589	6.44444875786121e-05	0.005301941	0.001911244052039	0.000302428439617225	0.0528299421972006
